,3081.TWO,3357.TWO,3491.TWO,3711.TW,4958.TW,6279.TWO,6290.TWO,8069.TWO
3081.TWO,0.0013001799212096544,0.0002663990388190805,0.00024816006085461967,0.00022983208108579952,0.00016308142365820707,0.00021972660366025484,0.00031626435916474755,0.00019037946071335949
3357.TWO,0.0002663990388190805,0.0005307809003409423,0.0001821176957762567,0.00015279799227402432,0.0001604789059919094,0.00015188772044162237,0.00018958645308253817,0.0001721188922253948
3491.TWO,0.00024816006085461967,0.0001821176957762567,0.0007351877440270821,0.00010781760610095976,0.00011610506730916218,0.00012753415266484602,0.00015472384250055378,0.00011509632607693323
3711.TW,0.00022983208108579952,0.00015279799227402432,0.00010781760610095976,0.000589135138645502,0.00019279130042182478,9.280984560468592e-05,0.00015773803929128665,0.00016633482450619183
4958.TW,0.00016308142365820707,0.0001604789059919094,0.00011610506730916218,0.00019279130042182478,0.00045686126805745425,9.858174821547166e-05,9.955464541630074e-05,0.0001361695044420621
6279.TWO,0.00021972660366025484,0.00015188772044162237,0.00012753415266484602,9.280984560468592e-05,9.858174821547166e-05,0.00027236376658594156,0.00014713757646968916,0.00011067711273157117
6290.TWO,0.00031626435916474755,0.00018958645308253817,0.00015472384250055378,0.00015773803929128665,9.955464541630074e-05,0.00014713757646968916,0.0007223000646175604,0.00023189629452585338
8069.TWO,0.00019037946071335949,0.0001721188922253948,0.00011509632607693323,0.00016633482450619183,0.0001361695044420621,0.00011067711273157117,0.00023189629452585338,0.0006185399298718181
